5
103 29
15 15 15 15 15 35 77 143 221 323 437 667 899 1147 1517 1763 2021 2491 3127 3599 4087 4757 5183 5767 6557 7387 8633 9797 10403
103 25
15 35 77 143 221 323 437 667 899 1147 1517 1763 2021 2491 3127 3599 4087 4757 5183 5767 6557 7387 8633 9797 10403
103 34
1679 299 793 4819 2291 203 259 185 335 3551 4717 4183 799 901 5141 3007 2449 3397 2537 4189 3763 4399 1079 871 4891 1679 299 533 123 309 10403 1111 583 1007
103 103
15 35 77 143 221 323 437 667 899 1147 1517 1763 2021 2491 3127 3599 4087 4757 5183 5767 6557 7387 8633 9797 10403 309 15 35 77 143 221 323 437 667 899 1147 1517 1763 2021 2491 3127 3599 4087 4757 5183 5767 6557 7387 8633 9797 10403 309 15 35 77 143 221 323 437 667 899 1147 1517 1763 2021 2491 3127 3599 4087 4757 5183 5767 6557 7387 8633 9797 10403 309 15 35 77 143 221 323 437 667 899 1147 1517 1763 2021 2491 3127 3599 4087 4757 5183 5767 6557 7387 8633 9797 10403
103 32
9 9 9 15 35 77 143 221 323 437 667 899 1147 1517 1763 2021 2491 3127 3599 4087 4757 5183 5767 6557 7387 8633 9797 10403 10609 10609 10609 10609